  1.4538283188703213E-001
  2.8525032330815475E-001
 -2.4222772283862840E-002
 -5.4588125450124521E+000
  6.2171592563030975E+000
 -6.2064875102029129E+000
 -8.3933195709714106E+000
  1.5984589366417758E+001
  6.5463757123750091E-002
  3.1126533183418936E-001
 -2.1465654259362280E-001
 -6.1129471840457237E+000
  6.5010530151233095E+000
 -6.7680797182425758E+000
 -9.6286439665764778E+000
  1.7600491972884690E+001
 -1.3213827442742004E-001
  3.0934366486067338E-001
 -1.3301616118442841E-001
 -5.8537037366340847E+000
  6.0776847384320565E+000
 -6.7013260705606559E+000
 -9.3959441260342640E+000
  1.7247935191963148E+001
 -6.2954715192557339E-002
  2.8408677421221024E-001
  6.0491575232764758E-002
 -5.5596999189848502E+000
  5.7938420719448080E+000
 -6.1631869415760869E+000
 -8.1872777200783506E+000
  1.6024015779123427E+001
  1.5514594451336280E-001
 -2.8416118033344090E-001
 -1.2760597019125294E-002
 -6.2130050296667854E+000
  6.2849820804941041E+000
 -6.9416784470188100E+000
 -9.4673559475404225E+000
  1.7723304955807823E+001
  6.3640155021904746E-002
 -2.7910828390243603E-001
 -2.1394353608294683E-001
 -6.2139450251955903E+000
  6.2346615174968605E+000
 -6.7455591850395544E+000
 -8.7900244746696163E+000
  1.7373870153305244E+001
 -1.3393124696182912E-001
 -2.7887897099775238E-001
 -1.3250370869608000E-001
 -5.9598115652027008E+000
  6.7151699261288460E+000
 -6.6849789625353333E+000
 -8.9324832333291244E+000
  1.7030112593324759E+001
 -5.8777298062612657E-002
 -2.8321877046895488E-001
  7.3987867231937565E-002
 -6.2951532081151980E+000
  6.7924311640570867E+000
 -6.8683772815749284E+000
 -9.6064623941908440E+000
  1.7685905457762082E+001
